0.000000000000000000e+00
2.840909090909090988e-03
7.102272727272727904e-02
7.102272727272727904e-02
1.136363636363636326e-01
1.136363636363636326e-01
1.732954545454545581e-01
1.732954545454545581e-01
2.017045454545454419e-01
2.017045454545454419e-01
2.130681818181818232e-01
2.130681818181818232e-01
2.159090909090909116e-01
2.159090909090909116e-01
2.301136363636363535e-01
2.301136363636363535e-01
2.471590909090909116e-01
2.471590909090909116e-01
2.500000000000000000e-01
2.500000000000000000e-01
2.755681818181818232e-01
2.755681818181818232e-01
2.897727272727272929e-01
2.897727272727272929e-01
3.039772727272727071e-01
3.039772727272727071e-01
3.210227272727272929e-01
3.210227272727272929e-01
3.238636363636363535e-01
3.238636363636363535e-01
3.323863636363636465e-01
3.323863636363636465e-01
3.352272727272727071e-01
3.352272727272727071e-01
3.380681818181818232e-01
3.380681818181818232e-01
3.409090909090908839e-01
3.409090909090908839e-01
3.551136363636363535e-01
3.551136363636363535e-01
3.664772727272727071e-01
3.664772727272727071e-01
3.693181818181818232e-01
3.693181818181818232e-01
3.778409090909091161e-01
3.778409090909091161e-01
4.005681818181818232e-01
4.005681818181818232e-01
4.034090909090908839e-01
4.034090909090908839e-01
4.375000000000000000e-01
4.375000000000000000e-01
4.857954545454545303e-01
4.857954545454545303e-01
4.914772727272727071e-01
4.914772727272727071e-01
5.000000000000000000e-01
5.000000000000000000e-01
5.056818181818182323e-01
5.056818181818182323e-01
5.085227272727272929e-01
5.085227272727272929e-01
5.142045454545454142e-01
5.142045454545454142e-01
5.170454545454545858e-01
5.170454545454545858e-01
5.227272727272727071e-01
5.227272727272727071e-01
5.312500000000000000e-01
5.312500000000000000e-01
5.340909090909090606e-01
5.340909090909090606e-01
5.454545454545454142e-01
5.454545454545454142e-01
5.539772727272727071e-01
5.539772727272727071e-01
5.596590909090909394e-01
5.596590909090909394e-01
5.625000000000000000e-01
5.625000000000000000e-01
5.710227272727272929e-01
5.710227272727272929e-01
5.823863636363636465e-01
5.823863636363636465e-01
5.880681818181817677e-01
5.880681818181817677e-01
5.909090909090909394e-01
5.909090909090909394e-01
5.994318181818182323e-01
5.994318181818182323e-01
6.022727272727272929e-01
6.022727272727272929e-01
6.051136363636363535e-01
6.051136363636363535e-01
6.136363636363636465e-01
6.136363636363636465e-01
6.164772727272727071e-01
6.164772727272727071e-01
6.392045454545454142e-01
6.392045454545454142e-01
6.448863636363636465e-01
6.448863636363636465e-01
6.477272727272727071e-01
6.477272727272727071e-01
6.505681818181817677e-01
6.505681818181817677e-01
6.562500000000000000e-01
6.562500000000000000e-01
6.590909090909090606e-01
6.590909090909090606e-01
6.647727272727272929e-01
6.647727272727272929e-01
6.704545454545454142e-01
6.704545454545454142e-01
6.732954545454545858e-01
6.732954545454545858e-01
6.818181818181817677e-01
6.818181818181817677e-01
6.846590909090909394e-01
6.846590909090909394e-01
6.875000000000000000e-01
6.875000000000000000e-01
6.903409090909090606e-01
6.903409090909090606e-01
6.931818181818182323e-01
6.931818181818182323e-01
6.960227272727272929e-01
6.960227272727272929e-01
7.045454545454545858e-01
7.045454545454545858e-01
7.073863636363636465e-01
7.073863636363636465e-01
7.130681818181817677e-01
7.130681818181817677e-01
7.159090909090909394e-01
7.159090909090909394e-01
7.187500000000000000e-01
7.187500000000000000e-01
7.272727272727272929e-01
7.272727272727272929e-01
7.357954545454545858e-01
7.357954545454545858e-01
7.414772727272727071e-01
7.414772727272727071e-01
7.500000000000000000e-01
7.500000000000000000e-01
7.585227272727272929e-01
7.585227272727272929e-01
7.613636363636363535e-01
7.613636363636363535e-01
7.670454545454545858e-01
7.670454545454545858e-01
7.784090909090909394e-01
7.784090909090909394e-01
7.812500000000000000e-01
7.812500000000000000e-01
7.840909090909090606e-01
7.840909090909090606e-01
7.869318181818182323e-01
7.869318181818182323e-01
7.926136363636363535e-01
7.926136363636363535e-01
7.954545454545454142e-01
7.954545454545454142e-01
8.011363636363636465e-01
8.011363636363636465e-01
8.125000000000000000e-01
8.125000000000000000e-01
8.153409090909090606e-01
8.153409090909090606e-01
8.181818181818182323e-01
8.181818181818182323e-01
8.210227272727272929e-01
8.210227272727272929e-01
8.238636363636363535e-01
8.238636363636363535e-01
8.295454545454545858e-01
8.295454545454545858e-01
8.323863636363636465e-01
8.323863636363636465e-01
8.352272727272727071e-01
8.352272727272727071e-01
8.437500000000000000e-01
8.437500000000000000e-01
8.465909090909090606e-01
8.465909090909090606e-01
8.494318181818182323e-01
8.494318181818182323e-01
8.551136363636363535e-01
8.551136363636363535e-01
8.607954545454545858e-01
8.607954545454545858e-01
8.721590909090909394e-01
8.721590909090909394e-01
8.750000000000000000e-01
8.750000000000000000e-01
8.778409090909090606e-01
8.778409090909090606e-01
8.806818181818182323e-01
8.806818181818182323e-01
8.863636363636363535e-01
8.863636363636363535e-01
8.892045454545454142e-01
8.892045454545454142e-01
8.948863636363636465e-01
8.948863636363636465e-01
9.005681818181817677e-01
9.005681818181817677e-01
9.034090909090909394e-01
9.034090909090909394e-01
9.062500000000000000e-01
9.062500000000000000e-01
9.090909090909090606e-01
9.090909090909090606e-01
9.119318181818182323e-01
9.119318181818182323e-01
9.147727272727272929e-01
9.147727272727272929e-01
9.204545454545454142e-01
9.204545454545454142e-01
9.261363636363636465e-01
9.261363636363636465e-01
9.289772727272727071e-01
9.289772727272727071e-01
9.318181818181817677e-01
9.318181818181817677e-01
9.346590909090909394e-01
9.346590909090909394e-01
9.375000000000000000e-01
9.375000000000000000e-01
9.403409090909090606e-01
9.403409090909090606e-01
9.431818181818182323e-01
9.431818181818182323e-01
9.460227272727272929e-01
9.460227272727272929e-01
9.488636363636363535e-01
9.488636363636363535e-01
9.517045454545454142e-01
9.517045454545454142e-01
9.545454545454545858e-01
9.545454545454545858e-01
9.573863636363636465e-01
9.573863636363636465e-01
9.602272727272727071e-01
9.602272727272727071e-01
9.630681818181817677e-01
9.630681818181817677e-01
9.687500000000000000e-01
9.687500000000000000e-01
9.715909090909090606e-01
9.715909090909090606e-01
9.744318181818182323e-01
9.744318181818182323e-01
9.772727272727272929e-01
9.772727272727272929e-01
9.829545454545454142e-01
9.829545454545454142e-01
9.857954545454545858e-01
9.857954545454545858e-01
9.886363636363636465e-01
9.886363636363636465e-01
9.914772727272727071e-01
9.914772727272727071e-01
9.971590909090909394e-01
9.971590909090909394e-01
1.000000000000000000e+00
1.000000000000000000e+00
1.000000000000000000e+00
