0.000000000000000000e+00
0.000000000000000000e+00
0.000000000000000000e+00
2.890173410404624135e-03
2.890173410404624135e-03
5.780346820809248269e-03
5.780346820809248269e-03
8.670520231213871970e-03
8.670520231213871970e-03
1.156069364161849654e-02
1.156069364161849654e-02
1.445086705202312111e-02
1.445086705202312111e-02
1.734104046242774394e-02
1.734104046242774394e-02
2.023121387283237024e-02
2.023121387283237024e-02
2.312138728323699308e-02
2.312138728323699308e-02
2.601156069364161938e-02
2.601156069364161938e-02
2.890173410404624221e-02
2.890173410404624221e-02
3.179190751445086505e-02
3.179190751445086505e-02
3.757225433526011765e-02
3.757225433526011765e-02
4.046242774566474049e-02
4.046242774566474049e-02
4.335260115606936332e-02
4.335260115606936332e-02
4.624277456647398615e-02
4.624277456647398615e-02
4.913294797687861593e-02
4.913294797687861593e-02
5.202312138728323876e-02
5.202312138728323876e-02
5.491329479768786159e-02
5.491329479768786159e-02
6.936416184971097576e-02
6.936416184971097576e-02
7.514450867052023531e-02
7.514450867052023531e-02
8.092485549132948097e-02
8.092485549132948097e-02
8.381502890173410381e-02
8.381502890173410381e-02
8.670520231213872664e-02
8.670520231213872664e-02
8.959537572254334947e-02
8.959537572254334947e-02
9.537572254335259514e-02
9.537572254335259514e-02
1.069364161849711004e-01
1.069364161849711004e-01
1.098265895953757232e-01
1.098265895953757232e-01
1.127167630057803460e-01
1.127167630057803460e-01
1.156069364161849689e-01
1.156069364161849689e-01
1.184971098265895917e-01
1.184971098265895917e-01
1.213872832369942145e-01
1.213872832369942145e-01
1.242774566473988374e-01
1.242774566473988374e-01
1.329479768786127059e-01
1.329479768786127059e-01
1.387283236994219515e-01
1.387283236994219515e-01
1.473988439306358478e-01
1.473988439306358478e-01
1.502890173410404706e-01
1.502890173410404706e-01
1.531791907514450934e-01
1.531791907514450934e-01
1.560693641618497163e-01
1.560693641618497163e-01
1.589595375722543391e-01
1.589595375722543391e-01
1.618497109826589619e-01
1.618497109826589619e-01
1.676300578034682076e-01
1.676300578034682076e-01
1.705202312138728304e-01
1.705202312138728304e-01
1.734104046242774533e-01
1.734104046242774533e-01
1.763005780346820761e-01
1.763005780346820761e-01
1.820809248554913218e-01
1.820809248554913218e-01
1.849710982658959446e-01
1.849710982658959446e-01
1.878612716763005674e-01
1.878612716763005674e-01
1.907514450867051903e-01
1.907514450867051903e-01
1.936416184971098131e-01
1.936416184971098131e-01
1.994219653179190865e-01
1.994219653179190865e-01
2.023121387283237094e-01
2.023121387283237094e-01
2.080924855491329550e-01
2.080924855491329550e-01
2.138728323699422007e-01
2.138728323699422007e-01
2.167630057803468235e-01
2.167630057803468235e-01
2.196531791907514464e-01
2.196531791907514464e-01
2.225433526011560692e-01
2.225433526011560692e-01
2.254335260115606920e-01
2.254335260115606920e-01
2.456647398843930519e-01
2.456647398843930519e-01
2.543352601156069204e-01
2.543352601156069204e-01
2.572254335260115710e-01
2.572254335260115710e-01
2.601156069364161660e-01
2.601156069364161660e-01
2.687861271676300623e-01
2.687861271676300623e-01
2.716763005780346574e-01
2.716763005780346574e-01
2.745664739884393080e-01
2.745664739884393080e-01
2.774566473988439030e-01
2.774566473988439030e-01
2.803468208092485536e-01
2.803468208092485536e-01
2.947976878612716956e-01
2.947976878612716956e-01
2.976878612716762906e-01
2.976878612716762906e-01
3.063583815028901869e-01
3.063583815028901869e-01
3.092485549132947820e-01
3.092485549132947820e-01
3.121387283236994326e-01
3.121387283236994326e-01
3.236994219653179239e-01
3.236994219653179239e-01
3.352601156069364152e-01
3.352601156069364152e-01
3.381502890173410658e-01
3.381502890173410658e-01
3.583815028901733979e-01
3.583815028901733979e-01
3.612716763005780485e-01
3.612716763005780485e-01
3.670520231213872941e-01
3.670520231213872941e-01
3.872832369942196262e-01
3.872832369942196262e-01
3.930635838150289274e-01
3.930635838150289274e-01
4.017341040462427681e-01
4.017341040462427681e-01
4.075144508670520138e-01
4.075144508670520138e-01
4.277456647398844014e-01
4.277456647398844014e-01
4.306358381502889965e-01
4.306358381502889965e-01
4.335260115606936471e-01
4.335260115606936471e-01
4.393063583815028927e-01
4.393063583815028927e-01
4.653179190751445260e-01
4.653179190751445260e-01
4.913294797687861037e-01
4.913294797687861037e-01
4.942196531791907543e-01
4.942196531791907543e-01
5.144508670520231419e-01
5.144508670520231419e-01
5.202312138728323321e-01
5.202312138728323321e-01
5.231213872832369827e-01
5.231213872832369827e-01
5.346820809248554740e-01
5.346820809248554740e-01
5.491329479768786159e-01
5.491329479768786159e-01
5.520231213872832665e-01
5.520231213872832665e-01
5.664739884393064084e-01
5.664739884393064084e-01
5.693641618497109480e-01
5.693641618497109480e-01
5.809248554913294393e-01
5.809248554913294393e-01
5.924855491329479307e-01
5.924855491329479307e-01
5.982658959537572319e-01
5.982658959537572319e-01
6.040462427745664220e-01
6.040462427745664220e-01
6.271676300578035157e-01
6.271676300578035157e-01
6.445086705202311972e-01
6.445086705202311972e-01
6.502890173410404984e-01
6.502890173410404984e-01
6.560693641618496885e-01
6.560693641618496885e-01
6.589595375722543391e-01
6.589595375722543391e-01
6.647398843930635293e-01
6.647398843930635293e-01
6.734104046242774810e-01
6.734104046242774810e-01
6.791907514450866712e-01
6.791907514450866712e-01
6.878612716763006230e-01
6.878612716763006230e-01
7.283236994219652871e-01
7.283236994219652871e-01
7.312138728323699377e-01
7.312138728323699377e-01
7.398843930635837784e-01
7.398843930635837784e-01
7.485549132947977302e-01
7.485549132947977302e-01
7.543352601156069204e-01
7.543352601156069204e-01
7.601156069364162216e-01
7.601156069364162216e-01
7.630057803468207611e-01
7.630057803468207611e-01
7.687861271676300623e-01
7.687861271676300623e-01
7.803468208092485536e-01
7.803468208092485536e-01
7.919075144508670450e-01
7.919075144508670450e-01
8.034682080924855363e-01
8.034682080924855363e-01
8.439306358381503115e-01
8.439306358381503115e-01
8.641618497109826436e-01
8.641618497109826436e-01
8.699421965317919447e-01
8.699421965317919447e-01
8.757225433526011349e-01
8.757225433526011349e-01
8.786127167630057855e-01
8.786127167630057855e-01
9.046242774566474187e-01
9.046242774566474187e-01
9.190751445086705607e-01
9.190751445086705607e-01
9.219653179190751002e-01
9.219653179190751002e-01
9.277456647398844014e-01
9.277456647398844014e-01
9.393063583815028927e-01
9.393063583815028927e-01
9.653179190751445260e-01
9.653179190751445260e-01
9.797687861271676679e-01
9.797687861271676679e-01
9.913294797687861593e-01
1.000000000000000000e+00
